37,4
37,1
37,3
10,204
10,166
10,137
10,71
10,243
10,117
10,303
10,283
11,4
11,9
11,29
11,21
11,28
11,17
45,7
8,5
8,11
45,6
45,5
45,4
45,3
8,8
45,2
45,1
8,13
0,318
45,0
43,7
43,6
43,5
43,4
43,3
43,2
43,1
43,0
42,5
42,4
42,3
42,2
42,1
42,0
41,4
41,3
41,2
41,1
41,0
40,4
40,3
40,2
40,1
40,0
34,3
33,4
33,3
33,1
32,6
32,3
32,1
31,4
31,3
31,1
30,4
30,1
29,5
29,3
29,1
28,4
28,3
28,1
27,4
27,3
27,1
26,4
26,3
26,1
20,3
20,2
20,1
19,3
19,2
19,1
12,3
12,2
12,1
11,26
11,24
11,15
11,12
11,10
11,6
11,3
11,2
11,1
10,313
10,259
10,250
10,200
10,155
10,150
18,1
10,123
10,113
18,3
10,3
10,2
10,1
9,7
9,6
14,1
9,4
9,3
